         0  0.02658478    272.4547     0.02945667 0.02463613 0.04089603  0.0113503     0.05316956             0
 0.1333333  0.02328318    272.2515     0.03002849 0.02672846 0.03806437 0.01133525     0.04982232    0.05970149
 0.2666667  0.02248974    272.4018     0.02993376 0.02731047 0.03703518 0.01131849     0.04888921    0.02238806
       0.4  0.02173446    272.3678     0.03004249 0.02756864 0.03811344  0.0113291     0.04849788    0.03053435
 0.5333333  0.02198318    272.4154     0.03001485 0.02697903 0.03649625 0.01133508     0.04818948    0.007633588
 0.6666667  0.02217545    272.4218     0.03103572 0.02665431 0.03617477 0.01154244     0.04852726    0.01492537
       0.8  0.02217545    272.4218     0.03103572 0.02665431 0.03617477 0.01154244     0.04852726             0
 0.9333333  0.02209514    272.2072     0.03080887 0.02653043 0.03594346  0.0119975     0.04841521    0.02380952
  1.066667  0.02257419    272.2813     0.02728409 0.02606116 0.03551441 0.01263879      0.0479488    0.006944444
       1.2  0.02352512    272.2031     0.02791524 0.02424345 0.03621005  0.0139184      0.0490969    0.007692308
  1.333333  0.02188585    272.2981     0.02586803 0.02383133  0.0360926 0.01330108     0.04665911    0.01449275
  1.466667  0.02233994    272.2574     0.02593256 0.02377159 0.03617341 0.01330575     0.04713577    0.007751938
       1.6  0.02242657    272.2138     0.02594864 0.02343511 0.03616652 0.01335233     0.04715221    0.007518797
  1.733333  0.02172357    272.2801     0.02589165 0.02418967 0.03506695 0.01259115     0.04615843    0.007246377
  1.866667  0.02172357    272.2801     0.02589165 0.02418967 0.03506695 0.01259115     0.04615843             0
         2  0.02172357    272.2801     0.02589165 0.02418967 0.03506695 0.01259115     0.04615843             0
  2.133333   0.0217673    272.3123     0.02590329 0.02441607 0.03516726 0.01260317     0.04628975    0.007462687
  2.266667  0.02181658    272.2586     0.02588894 0.02426503 0.03518172 0.01260301     0.04630126    0.007462687
       2.4   0.0218982    272.2035     0.02588779 0.02440826 0.03500847 0.01283016     0.04643187    0.01526718
  2.533333   0.0218982    272.2035     0.02588779 0.02440826 0.03500847 0.01283016     0.04643187             0
  2.666667  0.02204429     272.315     0.02574357 0.02487023  0.0350471 0.01283525     0.04666833    0.01492537
       2.8  0.02204429     272.315     0.02574357 0.02487023  0.0350471 0.01283525     0.04666833             0
  2.933333  0.02195509    272.3335     0.02574238 0.02492442 0.03504008 0.01283599     0.04659081    0.007936508
  3.066667  0.02156577    272.4423     0.02579183 0.02518988 0.03501997 0.01282539     0.04627254    0.01388889
       3.2  0.02111355    272.4875     0.02586116  0.0252507  0.0351644 0.01281207     0.04588563    0.01538462
  3.333333  0.02068527    272.3974     0.02572606 0.02450073 0.03551075 0.01284991     0.04533213    0.01449275
  3.466667  0.02059353    272.3592     0.02570992 0.02449404 0.03548144 0.01284784     0.04522684    0.007751938
       3.6  0.02086018    272.2966     0.02691024 0.02317039 0.03484563 0.01285541      0.0453056    0.01503759
  3.733333  0.02086018    272.2966     0.02691024 0.02317039 0.03484563 0.01285541      0.0453056             0
  3.866667  0.02078668    272.1981     0.02718283 0.02279087 0.03490631  0.0129895     0.04525405     0.0078125
         4  0.01901599    272.2698     0.02712981 0.02245618 0.03498881  0.0128365     0.04336882    0.01481481
  4.133333  0.01901365    272.1224     0.02677833 0.02242762 0.03503048 0.01285055      0.0432854    0.01492537
  4.266667  0.01901365    272.1224     0.02677833 0.02242762 0.03503048 0.01285055      0.0432854             0
       4.4  0.01920285    272.1064     0.02595309 0.02170934 0.03525957 0.01324459      0.0432445    0.007633588
  4.533333  0.01920285    272.1064     0.02595309 0.02170934 0.03525957 0.01324459      0.0432445             0
  4.666667  0.01920285    272.1064     0.02595309 0.02170934 0.03525957 0.01324459      0.0432445             0
       4.8  0.01906726    272.1523     0.02584323 0.02170103 0.03528974  0.0132341     0.04308429    0.007407407
  4.933333  0.01890707    272.0346     0.02582148 0.02170584 0.03554253 0.01338079     0.04301973    0.007936508
  5.066667  0.01911413    272.0052     0.02580711 0.02093561 0.03740631 0.01305159     0.04341429    0.006944444
       5.2  0.01911413    272.0052     0.02580711 0.02093561 0.03740631 0.01305159     0.04341429             0
  5.333333  0.01921306    271.9363     0.02605794 0.02094067 0.03749352 0.01323038     0.04364368    0.007246377
  5.466667  0.01921091    271.9253     0.02593337 0.02094051 0.03702376 0.01323079     0.04349302    0.007751938
       5.6  0.01899698    271.9229     0.02600177 0.02081518 0.03703935 0.01323613     0.04327009    0.007518797
  5.733333  0.01899698    271.9229     0.02600177 0.02081518 0.03703935 0.01323613     0.04327009             0
  5.866667  0.01899698    271.9229     0.02600177 0.02081518 0.03703935 0.01323613     0.04327009             0
         6  0.01899698    271.9229     0.02600177 0.02081518 0.03703935 0.01323613     0.04327009             0
  6.133333  0.01851487    272.0179      0.0263591 0.02124005 0.03492213 0.01347942     0.04251504    0.01492537
  6.266667  0.01851487    272.0179      0.0263591 0.02124005 0.03492213 0.01347942     0.04251504             0
       6.4  0.01806363    272.2437     0.02617269 0.02223567 0.03451527 0.01340123     0.04214485    0.03053435
  6.533333  0.01806363    272.2437     0.02617269 0.02223567 0.03451527 0.01340123     0.04214485             0
  6.666667  0.01827687    272.1804     0.02614173 0.02207173 0.03450569 0.01340143     0.04230702    0.007462687
       6.8  0.01827687    272.1804     0.02614173 0.02207173 0.03450569 0.01340143     0.04230702             0
  6.933333  0.01827687    272.1804     0.02614173 0.02207173 0.03450569 0.01340143     0.04230702             0
  7.066667   0.0182597    272.1813     0.02615655 0.02205812 0.03450285 0.01340112     0.04228936    0.006944444
       7.2   0.0185188    272.1678     0.02618544 0.02196479 0.03454024 0.01339007     0.04253893    0.007692308
  7.333333  0.01851769    272.1843     0.02616723  0.0219575 0.03465306 0.01338874     0.04255933    0.007246377
  7.466667  0.01851769    272.1843     0.02616723  0.0219575 0.03465306 0.01338874     0.04255933             0
       7.6  0.01831255    272.1288     0.02617641 0.02175438 0.03459378 0.01338461     0.04228985    0.007518797
  7.733333  0.01831255    272.1288     0.02617641 0.02175438 0.03459378 0.01338461     0.04228985             0
  7.866667  0.01831255    272.1288     0.02617641 0.02175438 0.03459378 0.01338461     0.04228985             0
         8  0.01861838    272.0584     0.02620565 0.02156586   0.034623 0.01338502     0.04256327    0.007407407
  8.133333  0.01861838    272.0584     0.02620565 0.02156586   0.034623 0.01338502     0.04256327             0
  8.266667  0.01927396    272.0422     0.02611711 0.02164845 0.03460646 0.01339316     0.04321525    0.01492537
       8.4  0.01927396    272.0422     0.02611711 0.02164845 0.03460646 0.01339316     0.04321525             0
  8.533333  0.01927396    272.0422     0.02611711 0.02164845 0.03460646 0.01339316     0.04321525             0
  8.666667  0.01868095    272.0952     0.02602706 0.02177198 0.03457639 0.01340472     0.04262599    0.01492537
       8.8  0.01868095    272.0952     0.02602706 0.02177198 0.03457639 0.01340472     0.04262599             0
  8.933333  0.01868095    272.0952     0.02602706 0.02177198 0.03457639 0.01340472     0.04262599             0
  9.066667  0.01868095    272.0952     0.02602706 0.02177198 0.03457639 0.01340472     0.04262599             0
       9.2  0.01868095    272.0952     0.02602706 0.02177198 0.03457639 0.01340472     0.04262599             0
  9.333333  0.01868095    272.0952     0.02602706 0.02177198 0.03457639 0.01340472     0.04262599             0
  9.466667  0.01868095    272.0952     0.02602706 0.02177198 0.03457639 0.01340472     0.04262599             0
       9.6  0.01874839    272.1342     0.02585393 0.02182833 0.03456105 0.01334031     0.04264429    0.007518797
  9.733333  0.01874839    272.1342     0.02585393 0.02182833 0.03456105 0.01334031     0.04264429             0
  9.866667  0.01853225    272.1232       0.025829 0.02186499 0.03449693  0.0133612     0.04242028      0.015625
        10  0.01819157    272.1764     0.02584147 0.02192955 0.03440432 0.01335132     0.04207324    0.007407407
  10.13333  0.01819157    272.1764     0.02584147 0.02192955 0.03440432 0.01335132     0.04207324             0
  10.26667  0.01786674    272.4403     0.02536743 0.02274855 0.03419923 0.01338687     0.04179226    0.007462687
      10.4    0.017998    272.3153     0.02537035 0.02155847 0.03419831 0.01338664     0.04162644    0.007633588
  10.53333    0.017998    272.3153     0.02537035 0.02155847 0.03419831 0.01338664     0.04162644             0
  10.66667    0.017998    272.3153     0.02537035 0.02155847 0.03419831 0.01338664     0.04162644             0
      10.8    0.017998    272.3153     0.02537035 0.02155847 0.03419831 0.01338664     0.04162644             0
  10.93333    0.017998    272.3153     0.02537035 0.02155847 0.03419831 0.01338664     0.04162644             0
  11.06667  0.01823463    272.2232     0.02534318 0.02129041 0.03414286 0.01338851     0.04177587    0.006944444
      11.2  0.01823463    272.2232     0.02534318 0.02129041 0.03414286 0.01338851     0.04177587             0
  11.33333  0.01801286    272.3831     0.02529869 0.02176668 0.03405655 0.01340018     0.04164339    0.007246377
  11.46667  0.01801286    272.3831     0.02529869 0.02176668 0.03405655 0.01340018     0.04164339             0
      11.6   0.0178793    272.4069     0.02539125 0.02173267  0.0340539 0.01340299     0.04152451    0.007518797
  11.73333   0.0178793    272.4069     0.02539125 0.02173267  0.0340539 0.01340299     0.04152451             0
  11.86667   0.0178793    272.4069     0.02539125 0.02173267  0.0340539 0.01340299     0.04152451             0
        12   0.0178793    272.4069     0.02539125 0.02173267  0.0340539 0.01340299     0.04152451             0
  12.13333  0.01770534    272.4185     0.02546083 0.02168234 0.03401694  0.0134061     0.04134689    0.007462687
  12.26667  0.01770534    272.4185     0.02546083 0.02168234 0.03401694  0.0134061     0.04134689             0
      12.4  0.01770534    272.4185     0.02546083 0.02168234 0.03401694  0.0134061     0.04134689             0
  12.53333  0.01770534    272.4185     0.02546083 0.02168234 0.03401694  0.0134061     0.04134689             0
  12.66667  0.01770534    272.4185     0.02546083 0.02168234 0.03401694  0.0134061     0.04134689             0
      12.8  0.01770534    272.4185     0.02546083 0.02168234 0.03401694  0.0134061     0.04134689             0
  12.93333  0.01750495    272.3927     0.02550457 0.02162175 0.03401827 0.01339443      0.0411397    0.007936508
  13.06667  0.01750495    272.3927     0.02550457 0.02162175 0.03401827 0.01339443      0.0411397             0
      13.2  0.01750495    272.3927     0.02550457 0.02162175 0.03401827 0.01339443      0.0411397             0
  13.33333  0.01750495    272.3927     0.02550457 0.02162175 0.03401827 0.01339443      0.0411397             0
  13.46667  0.01750495    272.3927     0.02550457 0.02162175 0.03401827 0.01339443      0.0411397             0
