256
0    12.0061    0
0.0109169    2248.79    0
0.0223882    3977.42    0
0.0344418    5543.68    0
0.0471074    7018.21    0
0.0604161    8433.38    0
0.0744005    9807.39    0
0.089095    11151.4    0
0.104535    12472.3    0
0.12076    13774    0
0.137808    15058.4    0
0.155722    16325.9    0
0.174545    17576.7    0
0.194324    18810.9    0
0.215107    20029.7    0
0.236946    21234.9    0
0.259893    22429    0
0.284005    23614.9    0
0.309342    24794.1    0
0.335965    25966.2    0
0.363939    27128.9    0
0.393334    28278.6    0
0.424222    29412.2    0
0.456677    30531.1    0
0.490781    31639.8    0
0.526616    32738    0
0.56427    33818.9    0
0.603836    34882.8    0
0.645411    35942.8    0
0.689097    37003.5    0
0.735001    38045.2    0
0.783236    39042.7    0
0.833919    39992.7    0
0.887176    40900.4    0
0.943137    41784.1    0
1.00194    42676.7    0
1.06373    43576    0
1.12865    44453.8    0
1.19687    45305.7    0
1.26856    46150.8    0
1.34388    47015.2    0
1.42303    47851.7    0
1.5062    48622.9    0
1.59359    49362.8    0
1.68541    50034.1    0
1.7819    50648.8    0
1.88329    51274.3    0
1.98983    51895.1    0
2.10177    52487.1    0
2.2194    52981.6    0
2.343    53371.6    0
2.47288    53725.5    0
2.60935    54054.4    0
2.75275    54392    0
2.90343    54538.6    0
3.06176    54496.7    0
3.22813    54529.7    0
3.40294    54573.6    0
3.58663    54532    0
3.77965    54425.3    0
3.98247    54265.3    0
4.19559    53924.2    0
4.41952    53473.8    0
4.65483    53126.6    0
4.90208    52724.9    0
5.16189    52200.9    0
5.43488    51648.8    0
5.72174    51094.8    0
6.02316    50438    0
6.33989    49790.7    0
6.6727    49170.8    0
7.0224    48453.6    0
7.38986    47656.9    0
7.77598    46748.4    0
8.1817    45899.6    0
8.60802    45087.1    0
9.05598    44112.7    0
9.52669    43188.2    0
10.0213    42399.5    0
10.541    41468.9    0
11.0871    40534    0
11.661    39638.5    0
12.2639    38773.1    0
12.8975    37906.8    0
13.5633    37037.7    0
14.2628    36187.3    0
14.9979    35319.5    0
15.7703    34475.6    0
16.5819    33668.3    0
17.4347    32872.7    0
18.3308    32082.3    0
19.2724    31327.9    0
20.2619    30601    0
21.3015    29884.1    0
22.394    29161.4    0
23.5419    28433.8    0
24.7481    27737    0
26.0155    27054.7    0
27.3473    26383.2    0
28.7467    25720.6    0
30.2171    25067.2    0
31.7622    24422.4    0
33.3858    23785    0
35.0918    23155.5    0
36.8844    22533.9    0
38.768    21919.9    0
40.7472    21313.4    0
42.827    20714.3    0
45.0123    20123.1    0
47.3086    19539.9    0
49.7215    18964.8    0
52.2569    18397.5    0
54.921    17838.5    0
57.7203    17287.9    0
60.6618    16746    0
63.7527    16213.1    0
67.0005    15689.4    0
70.4132    15175.1    0
73.9991    14670.5    0
77.7671    14175.8    0
81.7264    13691.3    0
85.8868    13217.1    0
90.2584    12753.3    0
94.8519    12300.2    0
99.6787    11857.8    0
104.75    11426.3    0
110.08    11005.6    0
115.68    10595.9    0
121.564    10197.2    0
127.747    9809.49    0
134.244    9432.76    0
141.071    9066.97    0
148.244    8712.07    0
155.782    8367.98    0
163.702    8034.61    0
172.024    7711.84    0
180.769    7399.54    0
189.958    7097.56    0
199.614    6805.76    0
209.759    6523.95    0
220.42    6251.95    0
231.622    5989.59    0
243.393    5736.64    0
255.762    5492.91    0
268.758    5258.18    0
282.415    5032.23    0
296.765    4814.84    0
311.843    4605.78    0
327.687    4404.82    0
344.335    4211.73    0
361.829    4026.27    0
380.21    3848.23    0
399.525    3677.36    0
419.821    3513.44    0
441.147    3356.25    0
463.556    3205.55    0
487.103    3061.12    0
511.845    2922.75    0
537.843    2790.23    0
565.162    2663.34    0
593.867    2541.87    0
624.03    2425.63    0
655.724    2314.42    0
689.028    2208.05    0
724.022    2106.32    0
760.793    2009.07    0
799.431    1916.1    0
840.031    1827.26    0
882.692    1742.37    0
927.519    1661.27    0
974.622    1583.81    0
1024.12    1509.84    0
1076.12    1439.21    0
1130.77    1371.78    0
1188.2    1307.41    0
1248.53    1245.98    0
1311.94    1187.36    0
1378.56    1131.42    0
1448.56    1078.06    0
1522.12    1027.15    0
1599.41    978.594    0
1680.63    932.285    0
1765.97    888.123    0
1855.64    846.013    0
1949.86    805.864    0
2048.87    767.587    0
2152.91    731.098    0
2262.23    696.317    0
2377.1    663.166    0
2497.8    631.57    0
2624.63    601.46    0
2757.9    572.766    0
2897.93    545.425    0
3045.08    519.374    0
3199.7    494.553    0
3362.16    470.906    0
3532.88    448.378    0
3712.26    426.918    0
3900.75    406.475    0
4098.81    387.003    0
4306.93    368.456    0
4525.61    350.791    0
4755.4    333.967    0
4996.85    317.943    0
5250.56    302.684    0
5517.16    288.152    0
5797.29    274.313    0
6091.64    261.135    0
6400.93    248.587    0
6725.93    236.638    0
7067.44    225.261    0
7426.28    214.429    0
7803.33    204.115    0
8199.54    194.294    0
8615.86    184.945    0
9053.31    176.043    0
9512.98    167.569    0
9995.99    159.501    0
10503.5    151.82    0
11036.8    144.508    0
11597.2    137.547    0
12186    130.92    0
12804.7    124.612    0
13454.9    118.607    0
14138    112.891    0
14855.8    107.449    0
15610.1    102.27    0
16402.7    97.3396    0
17235.5    92.6467    0
18110.6    88.1798    0
19030.1    83.9282    0
19996.3    79.8816    0
21011.6    76.0301    0
22078.4    72.3645    0
23199.4    68.8759    0
24377.3    65.556    0
25615    62.3968    0
26915.5    59.3907    0
28282.1    56.5305    0
29718.1    53.8095    0
31226.9    51.2212    0
32812.4    48.7597    0
34478.4    46.4192    0
36228.9    44.1944    0
38068.3    42.0804    0
40001.2    40.0726    0
42032.1    38.1669    0
44166.2    36.3594    0
46408.6    34.6468    0
48764.9    33.0263    0
51240.8    31.4954    0
53842.4    30.0523    0
56576.1    28.6959    0
59448.7    27.4258    0
62467    26.2422    0
65638.6    25.0898    0
