         0  0.01709998    216.6456     0.01160884  0.0225092 0.01714093 0.01714093     0.03419995             0
 0.1333333  0.01227353    221.1279     0.01122455 0.02026269 0.01524544 0.01524544     0.02776805      0.511811
 0.2666667  0.009692181    223.6627     0.01109695 0.02033728  0.0142641  0.0142641     0.02468279      0.480315
       0.4  0.006918789     225.838     0.01031246 0.01968765 0.01056589 0.01056589     0.01970176     0.4647887
 0.5333333  0.005572446    229.2179     0.01019919 0.01970875 0.008374959 0.008374959     0.01723691     0.4388489
 0.6666667  0.005109012    231.1052     0.01018298 0.01039515 0.007385665 0.007385665     0.01394638     0.3611111
       0.8  0.004890141    232.6566     0.009919839  0.0103023 0.006696397 0.006696397     0.01329387     0.2888889
 0.9333333  0.004688968    233.3398     0.01026026 0.009994888 0.006543299 0.006543299      0.0130244     0.3278689
  1.066667  0.003989757    233.9113     0.00979156 0.01003802 0.00706013 0.00706013     0.01247722     0.2822581
       1.2  0.004019089     233.715     0.009899804 0.008916553 0.006612303 0.006612303     0.01202933     0.1732283
  1.333333  0.004018595    233.7432     0.009821573 0.008915365 0.00626577 0.00626577     0.01183571     0.1748252
  1.466667  0.003622022    233.9743     0.009549722 0.008740196 0.005921083 0.005921083     0.01115504     0.2205882
       1.6  0.003547976    233.6587     0.009440875 0.008166969 0.005924933 0.005924933      0.0109124     0.1958042
  1.733333  0.003555144    233.6104     0.009124269 0.007684962 0.005888267 0.005888267     0.01070159    0.07518797
  1.866667  0.003574412    233.1215     0.009153804 0.007178841 0.00570458 0.00570458     0.01050986     0.1343284
         2  0.003605474     233.241     0.009341669 0.007274948 0.005609253 0.005609253     0.01056426    0.08870968
  2.133333  0.003472056    233.2319     0.007588832 0.007046966 0.005618251 0.005618251     0.009940131    0.09448819
  2.266667  0.003468611    233.5497     0.007488622 0.006930302 0.005497862 0.005497862     0.009822273    0.06299213
       2.4  0.003362595     234.007     0.007387424 0.006836202 0.005432708 0.005432708     0.009634856     0.1197183
  2.533333  0.003379901    233.9906     0.007414798 0.00684277 0.005424796 0.005424796     0.009656691    0.07913669
  2.666667  0.003304816    234.0261     0.007503886 0.006810807 0.005414843 0.005414843     0.00959091    0.04166667
       2.8  0.003255521    234.5653     0.007324886 0.006616176 0.005197269 0.005197269     0.009339421    0.05185185
  2.933333  0.003102319    234.3892     0.00709324 0.006662344 0.005166922 0.005166922     0.009124676    0.07377049
  3.066667  0.003090883      234.47     0.007074811 0.006685458 0.005226887 0.005226887     0.009144394    0.04032258
       3.2  0.002859376    233.8804     0.006908015 0.006659429 0.004927103 0.004927103     0.008714789     0.1181102
  3.333333  0.002878596    233.9497     0.006665717 0.006714835 0.004996957 0.004996957     0.008722213    0.02097902
  3.466667  0.002871565    233.9447     0.006846339 0.006811018 0.005037158 0.005037158     0.008804484    0.05147059
       3.6  0.002783068    233.7037     0.006719236 0.00689158 0.004908808 0.004908808     0.008640175    0.06293706
  3.733333  0.002890302    233.4716     0.006300603 0.006685156 0.004940422 0.004940422     0.008606953     0.1278195
  3.866667  0.002962657    233.4462     0.006249753 0.006675791 0.004813593 0.004813593     0.00860084    0.02985075
         4  0.002899853     233.543     0.005876792 0.006656468 0.004975313 0.004975313     0.008520825    0.07258065
  4.133333  0.002921992    233.4593     0.005811252 0.006582528 0.004870948 0.004870948     0.008455911    0.03937008
  4.266667  0.002956778    233.5004     0.005932082 0.006546585 0.004801277 0.004801277     0.008477083    0.05511811
       4.4  0.002970816     233.519     0.005937265 0.006437234 0.004760764 0.004760764     0.008444823    0.05633803
  4.533333  0.002865679    233.4901     0.005920803 0.006422174 0.004753666 0.004753666     0.008328256    0.04316547
  4.666667  0.002776198     233.682     0.006039877 0.006329429 0.004925368 0.004925368     0.008331208    0.07638889
       4.8  0.002776868    233.6802     0.005902424 0.007229633 0.00360578 0.00360578     0.007862772    0.04444444
  4.933333  0.002773864     233.864     0.005743928 0.007094824 0.003564257 0.003564257     0.00776568    0.07377049
  5.066667  0.002837543    233.8723     0.005531127 0.006594126 0.003342095 0.003342095     0.007539904    0.03225806
       5.2  0.002767785    233.8208     0.00552086 0.006541129 0.003259959 0.003259959     0.007413262    0.05511811
  5.333333  0.002806557    233.6653     0.005542597 0.006192963 0.003175849 0.003175849     0.007328371    0.04195804
  5.466667  0.00273741    233.7097     0.005377643 0.006404637 0.003240658 0.003240658     0.007303309    0.05882353
       5.6  0.002655898    233.5811     0.005592415 0.006491166 0.003255281 0.003255281     0.007304434    0.02797203
  5.733333  0.00251893    233.6096     0.005206499 0.005697276 0.003868008 0.003868008     0.007178877    0.05263158
  5.866667  0.002460964    233.6129     0.005261366 0.005734568 0.00383285 0.00383285     0.007126373    0.02985075
         6  0.002455163     233.614     0.005285211 0.005779734 0.003727965 0.003727965     0.007085382    0.02419355
  6.133333  0.002464663    233.5633     0.005281668 0.005608901 0.003710797 0.003710797     0.007042703    0.02362205
  6.266667  0.002423614    233.5799     0.005392859 0.005451203 0.003700667 0.003700667     0.006984963    0.03149606
       6.4  0.002412387    233.6689     0.005430233 0.005461834 0.003740897 0.003740897     0.007005852    0.02816901
  6.533333  0.002419201    233.6171     0.005460504 0.005412574 0.003706187 0.003706187     0.006990564    0.02877698
  6.666667  0.002374697    233.6709     0.005461397 0.005443344 0.003730518 0.003730518     0.006966141    0.03472222
       6.8  0.002374148    233.6233     0.005111075 0.005461608 0.003661962 0.003661962     0.006848299    0.02962963
  6.933333  0.002374128    233.6231     0.005089001 0.005483145 0.003690324 0.003690324     0.006862326    0.008196721
  7.066667  0.002374128    233.6231     0.005089001 0.005483145 0.003690324 0.003690324     0.006862326             0
       7.2  0.002334352     233.702     0.005074729 0.005545077 0.003709797 0.003709797     0.006844202    0.01574803
  7.333333  0.002335872    233.7055     0.005061743 0.005559385 0.00370665 0.00370665     0.006844479    0.01398601
  7.466667  0.002335872    233.7055     0.005061743 0.005559385 0.00370665 0.00370665     0.006844479             0
       7.6  0.002357173    233.6483     0.005024863 0.005558152 0.003693108 0.003693108     0.00684948    0.006993007
  7.733333  0.002377437    233.6712     0.005045462 0.005557962 0.003699376 0.003699376     0.006877981    0.007518797
  7.866667  0.002385866    233.6952     0.005064207 0.00534323 0.003695291 0.003695291     0.006835371    0.007462687
         8   0.0023513    233.7058     0.00509941 0.005369622 0.003699842 0.003699842     0.006818479    0.008064516
  8.133333  0.002441353    233.5856     0.00515319 0.005637577 0.002708164 0.002708164     0.006493127    0.03937008
  8.266667  0.002453768    233.6024     0.00504106 0.005656836 0.002688138 0.002688138     0.006472311    0.03149606
       8.4  0.002352261    233.7121     0.005113717 0.005581249 0.00264115 0.00264115     0.006346577    0.01408451
  8.533333  0.002369489    233.7509     0.005105939 0.005584768 0.002636524 0.002636524     0.006360428    0.01438849
  8.666667  0.002369489    233.7509     0.005105939 0.005584768 0.002636524 0.002636524     0.006360428             0
       8.8  0.002361365    233.7483     0.005054207 0.005583295 0.002634688 0.002634688     0.006338085    0.01481481
  8.933333  0.002314903    233.8299     0.005065806 0.005589385 0.002649639 0.002649639     0.00630352    0.03278689
  9.066667  0.00233037    233.8099     0.004999013 0.005590025 0.002613665 0.002613665     0.006284463    0.02419355
       9.2  0.002334797    233.8166     0.004989594 0.005581155 0.002603492 0.002603492     0.00627923    0.01574803
  9.333333  0.002353165    233.7142     0.00498853 0.005506969 0.002640729 0.002640729     0.006297404    0.02097902
  9.466667  0.002345658    233.6986     0.005015005 0.005490211 0.002620027 0.002620027     0.006281975    0.01470588
       9.6  0.002307044    233.7687     0.004932762 0.005388701 0.002672941 0.002672941     0.006223881    0.03496503
  9.733333  0.002291995    233.7556     0.004918499 0.005431656 0.002624321 0.002624321     0.006191695    0.02255639
  9.866667  0.002194044    233.8673     0.004930198 0.005440958 0.002629924 0.002629924     0.006101795    0.02985075
        10  0.00219399    233.8121     0.004929824 0.005443285 0.00259277 0.00259277     0.006083652    0.008064516
  10.13333  0.00219796    233.8112     0.004948834 0.005454789 0.002589087 0.002589087     0.00609341    0.01574803
  10.26667  0.002196718    233.8251     0.00495862 0.005446805 0.002584538 0.002584538     0.006090344    0.007874016
      10.4  0.002180253    233.8468     0.004980801 0.005477379 0.002592328 0.002592328     0.006090962    0.007042254
  10.53333  0.002167536    233.8376     0.004981352 0.005487814 0.002592149 0.002592149     0.006080902    0.007194245
  10.66667  0.002174319    233.9529     0.004960128 0.005487961 0.002672552 0.002672552     0.006122617    0.02777778
      10.8  0.00217373    233.9481     0.004961493 0.005483719 0.002671638 0.002671638     0.006120852    0.007407407
  10.93333  0.002180516    233.9685     0.004934192 0.005476486 0.002679239 0.002679239     0.006122805    0.03278689
  11.06667  0.002177336    233.9788     0.004914039 0.005515056 0.002675001 0.002675001     0.00612211    0.01612903
      11.2  0.002229555    234.0284     0.004934719 0.005517223 0.002675252 0.002675252     0.006180166    0.01574803
  11.33333  0.00225622     233.949     0.004902049 0.005477429 0.002682308 0.002682308     0.006192244    0.01398601
  11.46667  0.002253299    233.9626     0.004905816 0.005466407 0.002660154 0.002660154     0.006176431    0.02205882
      11.6  0.002253299    233.9626     0.004905816 0.005466407 0.002660154 0.002660154     0.006176431             0
  11.73333  0.002253299    233.9626     0.004905816 0.005466407 0.002660154 0.002660154     0.006176431             0
  11.86667  0.00224218     233.982     0.004916277 0.005456922 0.002656969 0.002656969     0.006163964    0.007462687
        12  0.00225165    233.9251     0.004962457 0.005460054 0.002657694 0.002657694     0.006186125    0.008064516
  12.13333  0.002253809    233.8997     0.004969199 0.005438148 0.002654567 0.002654567     0.006182929    0.007874016
  12.26667  0.002240172    233.8849     0.005002179 0.005465041 0.002604955 0.002604955     0.006159454    0.03149606
      12.4  0.002249863    233.8671     0.005001586 0.005457048 0.002609875 0.002609875     0.006169459    0.007042254
  12.53333  0.002210686     234.031     0.004997597 0.005452151 0.002670742 0.002670742     0.006158494    0.01438849
  12.66667  0.002220426    234.1093     0.004957878 0.005456349 0.00267899 0.00267899     0.006163478    0.01388889
      12.8  0.002242756    234.0364     0.004953816 0.005427869 0.00266806 0.00266806     0.006172207    0.02962963
  12.93333  0.002201712     234.091     0.004979598 0.00543908 0.00267025 0.00267025     0.006141506    0.02459016
  13.06667  0.002227437    234.0484     0.00500297 0.005404731 0.002666831 0.002666831     0.006162777    0.01612903
      13.2  0.002350471    233.6791     0.005047948 0.00537489 0.002517994 0.002517994     0.006215177    0.02362205
  13.33333  0.002363132    233.6106     0.005035133 0.005328546 0.002514757 0.002514757     0.00621143    0.006993007
  13.46667  0.002353116    233.6351     0.00504403 0.005322034 0.002522304 0.002522304     0.006205784    0.02205882
