         0  0.05424237    258.9096     0.05852118 0.04880241 0.05482294 0.05482294      0.1084847             0
 0.1333333  0.04856173    258.4941     0.04968181 0.03963461 0.04403719 0.04403719     0.09290943     0.4892086
 0.2666667  0.03803191    259.1404     0.04235042 0.03651997 0.03480718 0.03480718      0.0751531     0.4028777
       0.4   0.0300509    259.0171      0.0351064 0.03122607 0.02898988 0.02898988     0.06112896     0.4173228
 0.5333333  0.02368601    257.6367     0.03211992 0.02915345 0.02190303 0.02190303     0.04995586     0.3307692
 0.6666667  0.01326972    257.0741     0.02956643  0.0271734 0.01657224 0.01657224     0.03574079     0.2868852
       0.8  0.01203989    256.7477     0.02888364 0.02688229  0.0141176  0.0141176     0.03304017           0.2
 0.9333333  0.01113178    257.4635     0.03123854 0.02462601 0.01105035 0.01105035     0.03062309     0.2631579
  1.066667  0.009948926    258.3182     0.02753567   0.023919 0.008862365 0.008862365     0.02724378     0.2045455
       1.2  0.009996204    258.2146     0.02595016 0.02279443 0.008228517 0.008228517     0.02629661     0.1468531
  1.333333  0.008781764    258.7285     0.02679332 0.02187708 0.008320668 0.008320668      0.0251097    0.09243697
  1.466667  0.008902486     258.114      0.0249622 0.02314811 0.007321328 0.007321328     0.02459073     0.1259259
       1.6  0.008443978    258.3477     0.02515071 0.02122573 0.007468494 0.007468494     0.02377233    0.09677419
  1.733333  0.008873235    258.2407     0.02167207 0.02040268 0.007345518 0.007345518     0.02306468    0.09302326
  1.866667  0.008429192    258.6287     0.02118898 0.01799571 0.005576231 0.005576231     0.02101348    0.08695652
         2  0.008492162    259.1119     0.02105983 0.01524998 0.004119938 0.004119938     0.01962959    0.08510638
  2.133333  0.007635614    258.9055     0.02192233 0.01677356 0.004157816 0.004157816     0.01938849    0.09352518
  2.266667  0.007496126    258.8534     0.02051896 0.01694416 0.003667241 0.003667241     0.01869553    0.08633094
       2.4  0.007331176    259.2574     0.02064653 0.01641082 0.003603213 0.003603213     0.01839712    0.04724409
  2.533333  0.007279181    259.4361     0.02079421  0.0160102 0.003614089 0.003614089     0.01828733    0.03846154
  2.666667  0.007129844    259.3582     0.02064093 0.01568105 0.003674151 0.003674151     0.01804741    0.03278689
       2.8  0.007139997    259.4168     0.02055512 0.01582632 0.003414616 0.003414616     0.01794267    0.04615385
  2.933333  0.007123186    259.3018     0.02066349 0.01596302 0.002806542 0.002806542     0.01768308    0.03289474
  3.066667  0.007052748    259.2669     0.01989456 0.01557591 0.002854732 0.002854732     0.01734773    0.03787879
       3.2  0.007637555    258.9128     0.01881367 0.01304645 0.002788896 0.002788896     0.01699703    0.02797203
  3.333333  0.007173031    259.0939     0.01938477 0.01260747 0.003085861 0.003085861     0.01671402    0.03361345
  3.466667  0.006948769     259.318     0.01665823 0.01331238 0.00362024 0.00362024     0.01625154    0.03703704
       3.6  0.006799588    259.4962     0.01673766 0.01356574 0.003686466 0.003686466     0.01621867    0.02419355
  3.733333  0.006746762    259.6744     0.01708553 0.01283639 0.003512587 0.003512587     0.01598354    0.02325581
  3.866667  0.00656037    259.6394     0.01670246  0.0130297 0.003512277 0.003512277     0.01574955    0.03623188
         4  0.006532504    259.5094     0.01671381 0.01260865 0.003306968 0.003306968      0.0155166    0.007092199
  4.133333  0.006505284    259.5115     0.01583706 0.01187848 0.003611136 0.003611136     0.01523974    0.04316547
  4.266667  0.006466037    259.3711     0.01531195 0.01276218 0.003322697 0.003322697     0.01514592    0.05755396
       4.4  0.006379429    259.2356     0.01528891 0.01216195 0.003267484 0.003267484     0.01487588    0.05511811
  4.533333  0.00629775    259.2906     0.01558311 0.01178429 0.003293845 0.003293845     0.01478652    0.03846154
  4.666667  0.006258838    259.2827     0.01461096   0.011924 0.003764571 0.003764571     0.01477486    0.04918033
       4.8  0.006247993    259.1474     0.01434647 0.01221296 0.003430148 0.003430148     0.01460292    0.06153846
  4.933333  0.006329137    259.2382     0.01427199 0.01191536 0.003188151 0.003188151     0.01447005    0.05263158
  5.066667  0.006265556    259.3632     0.01411933 0.01181617 0.003145665 0.003145665     0.01432226    0.03787879
       5.2  0.006222932     259.341     0.01388806  0.0120806 0.003116935 0.003116935     0.01427356    0.02797203
  5.333333  0.006332408    259.0923     0.01384788 0.01231471 0.003111179 0.003111179     0.01442864    0.02521008
  5.466667  0.006305027    259.0826     0.01400158 0.01226983 0.003137392 0.003137392     0.01444157    0.01481481
       5.6  0.006252305    259.1842     0.01404663 0.01197636 0.003157855 0.003157855     0.01433698    0.03225806
  5.733333  0.006073482    259.2858     0.01365487 0.01159781 0.003261969 0.003261969     0.01401764    0.05426357
  5.866667  0.006074032    259.1673     0.01383557 0.01157556 0.003234167 0.003234167      0.0140439    0.02898551
         6  0.006067381    259.2197     0.01466864 0.01157097 0.002764266 0.002764266     0.01400942     0.0212766
  6.133333  0.006075657    259.2064     0.01450857 0.01142623 0.002890871 0.002890871     0.01400479    0.03597122
  6.266667  0.006189358    259.2571     0.01425137  0.0115929 0.002918878 0.002918878     0.01410986    0.02877698
       6.4  0.006185805    259.1948     0.01419641 0.01151982 0.002933255 0.002933255     0.01408149    0.01574803
  6.533333  0.006000393    259.3129     0.01473633  0.0112225 0.002773548 0.002773548     0.01387687    0.06153846
  6.666667  0.005967654    259.2624     0.01473514 0.01120345 0.002771306 0.002771306     0.01383795    0.01639344
       6.8  0.005860055    259.2239     0.01499492 0.01126441 0.002689915 0.002689915     0.01376985    0.02307692
  6.933333  0.005860055    259.2239     0.01499492 0.01126441 0.002689915 0.002689915     0.01376985             0
  7.066667  0.005853735    259.2286     0.01473567 0.01122365 0.002769848 0.002769848     0.01372849    0.007575758
       7.2  0.005849285    259.2708     0.01367425 0.01157363 0.002815783 0.002815783     0.01356915    0.02097902
  7.333333  0.005892516    259.2036     0.01341405 0.01146262 0.002867142 0.002867142     0.01354526    0.02521008
  7.466667  0.005810764    259.1964     0.01330482 0.01149281 0.003080768 0.003080768     0.01355056    0.02222222
       7.6  0.005810764    259.1964     0.01330482 0.01149281 0.003080768 0.003080768     0.01355056             0
  7.733333  0.005826151    259.2983     0.01344659 0.01142185 0.002860375 0.002860375     0.01347345    0.02325581
  7.866667  0.005753779    259.3187     0.01332402 0.01150688 0.002902569 0.002902569     0.01341279    0.02173913
         8  0.005757023    259.2681     0.01325437 0.01148227 0.002903704 0.002903704     0.01339303     0.0141844
  8.133333  0.005686658    259.2734     0.01321383 0.01163112 0.002847731 0.002847731     0.01332176    0.01438849
  8.266667  0.005382208    259.2229     0.01322101  0.0112474 0.002782758 0.002782758     0.01289069    0.02158273
       8.4  0.005433489    259.2706     0.01324083 0.01107766 0.002729753 0.002729753     0.01287799    0.03937008
  8.533333  0.005247975    258.9337     0.01369069 0.009741869 0.002840373 0.002840373      0.0125263    0.02307692
  8.666667  0.005237496     258.968     0.01375569 0.009634081 0.002783791 0.002783791     0.01247683    0.01639344
       8.8  0.005265377    258.9613     0.01373893 0.009653119 0.002867036 0.002867036     0.01254691    0.007692308
  8.933333  0.005250084    258.9433     0.01377993 0.009655187 0.002810881 0.002810881      0.0125143    0.006578947
  9.066667  0.005250084    258.9433     0.01377993 0.009655187 0.002810881 0.002810881      0.0125143             0
       9.2  0.00524631    258.9794     0.01379192 0.009662762 0.00278633 0.00278633     0.01250315    0.006993007
  9.333333  0.005172111    258.9708     0.01392863 0.009429796 0.002709962 0.002709962      0.0123667    0.01680672
  9.466667  0.005195509    258.9747     0.01393976 0.009373104 0.002698427 0.002698427     0.01237294    0.02222222
       9.6  0.005193532    258.9734     0.01390195 0.009384805 0.002690579 0.002690579     0.01236051    0.008064516
  9.733333  0.005193532    258.9734     0.01390195 0.009384805 0.002690579 0.002690579     0.01236051             0
  9.866667  0.005196148    258.9938      0.0125587 0.009559866 0.002694397 0.002694397     0.01207299    0.007246377
        10  0.005368782    259.0915     0.01193604 0.008611091 0.002682908 0.002682908     0.01184702     0.0212766
  10.13333  0.005217862    259.0683      0.0119451 0.008042159 0.002826703 0.002826703     0.01162803    0.03597122
  10.26667  0.005305775    259.0555     0.01196778 0.00806242 0.002845058 0.002845058     0.01173585    0.02158273
      10.4  0.005101676    259.0821     0.01235014 0.008300852 0.002845129 0.002845129     0.01168699    0.02362205
  10.53333  0.004893041    259.1709      0.0116042 0.008416783 0.002728749 0.002728749     0.01126266    0.01538462
  10.66667  0.004828968    259.1933     0.01154852 0.00839136 0.002747476 0.002747476     0.01118768    0.008196721
      10.8  0.004788689    259.2016     0.01147594 0.008537558 0.002701342 0.002701342     0.01114273    0.02307692
  10.93333  0.00482649    259.1803     0.01138921 0.008345579 0.002606352 0.002606352     0.01106336    0.01973684
  11.06667  0.004798653    259.1935     0.01124766 0.008270761 0.002572459 0.002572459     0.01096449    0.02272727
      11.2  0.004798653    259.1935     0.01124766 0.008270761 0.002572459 0.002572459     0.01096449             0
  11.33333  0.004807484    259.1831     0.01141553 0.008133023 0.002571531 0.002571531     0.01098039    0.01680672
  11.46667  0.004807484    259.1831     0.01141553 0.008133023 0.002571531 0.002571531     0.01098039             0
      11.6  0.004804474     259.142     0.01125082 0.00811976 0.002565601 0.002565601     0.01092992    0.008064516
  11.73333  0.00479324    259.1674     0.01118257 0.008116091 0.002567616 0.002567616     0.01090171    0.007751938
  11.86667  0.00479324    259.1674     0.01118257 0.008116091 0.002567616 0.002567616     0.01090171             0
        12  0.004794923    259.1615     0.01145569 0.007432621 0.002521753 0.002521753     0.01077788     0.0141844
  12.13333  0.004802218    259.1159     0.01144883 0.007428833 0.002507384 0.002507384     0.01077533    0.01438849
  12.26667  0.004688944    259.2465     0.01159136 0.007633128 0.002534389 0.002534389     0.01076226    0.01438849
      12.4  0.004688449    259.2412     0.01149048 0.007700945 0.002564097 0.002564097     0.01076835    0.007874016
  12.53333  0.004709493    259.2123     0.01141715 0.007738282 0.002512337 0.002512337     0.01075452    0.01538462
  12.66667  0.004708204    259.1709      0.0113961 0.007784423 0.00251429 0.00251429     0.01076048    0.01639344
      12.8  0.004730212    259.1606     0.01140895 0.007733471 0.002494998 0.002494998     0.01076332    0.01538462
  12.93333  0.004861185    259.2709     0.01099948 0.007568591 0.002455382 0.002455382     0.01073089    0.02631579
  13.06667  0.004789379    259.1987     0.01101623 0.007690375 0.002513195 0.002513195     0.01072263    0.01515152
      13.2  0.004800616    259.1643     0.01103772 0.007637588 0.00252363 0.00252363     0.01073126    0.006993007
  13.33333  0.004803132     259.163     0.01107466 0.007537174 0.002567277 0.002567277     0.01073973    0.02521008
  13.46667  0.004803132     259.163     0.01107466 0.007537174 0.002567277 0.002567277     0.01073973             0
