256
0    1.04214    0
0.0109169    1715.55    0
0.0223882    2917.67    0
0.0344418    3953.86    0
0.0471074    4893.46    0
0.0604161    5768.07    0
0.0744005    6595.48    0
0.089095    7386.63    0
0.104535    8148.35    0
0.12076    8884.59    0
0.137808    9597.34    0
0.155722    10287.3    0
0.174545    10954.8    0
0.194324    11600.4    0
0.215107    12225.3    0
0.236946    12831.8    0
0.259893    13422.9    0
0.284005    14001.8    0
0.309342    14570.8    0
0.335965    15130.1    0
0.363939    15678.2    0
0.393334    16212    0
0.424222    16729.3    0
0.456677    17232.2    0
0.490781    17725.9    0
0.526616    18211.2    0
0.56427    18682.2    0
0.603836    19140.1    0
0.645411    19599.1    0
0.689097    20065.3    0
0.735001    20520.4    0
0.783236    20940.3    0
0.833919    21321.7    0
0.887176    21670.3    0
0.943137    22004.8    0
1.00194    22359.5    0
1.06373    22734.5    0
1.12865    23103.4    0
1.19687    23463.3    0
1.26856    23834.7    0
1.34388    24246.6    0
1.42303    24655.3    0
1.5062    25023.8    0
1.59359    25387.3    0
1.68541    25709.7    0
1.7819    26002.7    0
1.88329    26335.9    0
1.98983    26697.9    0
2.10177    27067.6    0
2.2194    27377.7    0
2.343    27618.8    0
2.47288    27859.8    0
2.60935    28113.8    0
2.75275    28418    0
2.90343    28574.5    0
3.06176    28573.5    0
3.22813    28679.6    0
3.40294    28835.9    0
3.58663    28946.6    0
3.77965    29030.6    0
3.98247    29100.1    0
4.19559    29023.8    0
4.41952    28862.3    0
4.65483    28831.3    0
4.90208    28779.7    0
5.16189    28632.1    0
5.43488    28480.8    0
5.72174    28351.2    0
6.02316    28142.8    0
6.33989    27959.8    0
6.6727    27829.8    0
7.0224    27621.1    0
7.38986    27350.4    0
7.77598    26973.8    0
8.1817    26661.3    0
8.60802    26393.7    0
9.05598    25969.1    0
9.52669    25585.8    0
10.0213    25344.9    0
10.541    24963.2    0
11.0871    24570.7    0
11.661    24212.1    0
12.2639    23878.4    0
12.8975    23539.4    0
13.5633    23190.2    0
14.2628    22852.7    0
14.9979    22488.5    0
15.7703    22137.2    0
16.5819    21812.6    0
17.4347    21490.1    0
18.3308    21162.4    0
19.2724    20859.8    0
20.2619    20575.8    0
21.3015    20292.5    0
22.394    19994.4    0
23.5419    19679.6    0
24.7481    19384.5    0
26.0155    19093.1    0
27.3473    18802    0
28.7467    18509    0
30.2171    18214.3    0
31.7622    17917.3    0
33.3858    17616.6    0
35.0918    17312.8    0
36.8844    17005.5    0
38.768    16694.7    0
40.7472    16380.1    0
42.827    16061.8    0
45.0123    15740    0
47.3086    15415.3    0
49.7215    15087.5    0
52.2569    14756.7    0
54.921    14423.4    0
57.7203    14088    0
60.6618    13750.8    0
63.7527    13412.4    0
67.0005    13073.2    0
70.4132    12733.8    0
73.9991    12394.6    0
77.7671    12056.3    0
81.7264    11719.1    0
85.8868    11383.8    0
90.2584    11050.7    0
94.8519    10720.4    0
99.6787    10393.2    0
104.75    10069.6    0
110.08    9749.98    0
115.68    9434.74    0
121.564    9124.24    0
127.747    8818.79    0
134.244    8518.7    0
141.071    8224.23    0
148.244    7935.64    0
155.782    7653.12    0
163.702    7376.87    0
172.024    7107.04    0
180.769    6843.77    0
189.958    6587.15    0
199.614    6337.27    0
209.759    6094.19    0
220.42    5857.92    0
231.622    5628.5    0
243.393    5405.92    0
255.762    5190.14    0
268.758    4981.12    0
282.415    4778.82    0
296.765    4583.16    0
311.843    4394.04    0
327.687    4211.39    0
344.335    4035.1    0
361.829    3865.04    0
380.21    3701.1    0
399.525    3543.15    0
419.821    3391.05    0
441.147    3244.66    0
463.556    3103.85    0
487.103    2968.47    0
511.845    2838.36    0
537.843    2713.37    0
565.162    2593.37    0
593.867    2478.19    0
624.03    2367.68    0
655.724    2261.7    0
689.028    2160.09    0
724.022    2062.71    0
760.793    1969.41    0
799.431    1880.05    0
840.031    1794.49    0
882.692    1712.59    0
927.519    1634.21    0
974.622    1559.23    0
1024.12    1487.51    0
1076.12    1418.93    0
1130.77    1353.36    0
1188.2    1290.69    0
1248.53    1230.8    0
1311.94    1173.57    0
1378.56    1118.91    0
1448.56    1066.7    0
1522.12    1016.85    0
1599.41    969.243    0
1680.63    923.801    0
1765.97    880.426    0
1855.64    839.031    0
1949.86    799.53    0
2048.87    761.842    0
2152.91    725.887    0
2262.23    691.591    0
2377.1    658.88    0
2497.8    627.684    0
2624.63    597.936    0
2757.9    569.571    0
2897.93    542.528    0
3045.08    516.747    0
3199.7    492.172    0
3362.16    468.747    0
3532.88    446.422    0
3712.26    425.144    0
3900.75    404.868    0
4098.81    385.546    0
4306.93    367.136    0
4525.61    349.594    0
4755.4    332.882    0
4996.85    316.96    0
5250.56    301.793    0
5517.16    287.344    0
5797.29    273.581    0
6091.64    260.472    0
6400.93    247.986    0
6725.93    236.094    0
7067.44    224.768    0
7426.28    213.982    0
7803.33    203.71    0
8199.54    193.928    0
8615.86    184.613    0
9053.31    175.742    0
9512.98    167.296    0
9995.99    159.254    0
10503.5    151.596    0
11036.8    144.305    0
11597.2    137.363    0
12186    130.754    0
12804.7    124.461    0
13454.9    118.47    0
14138    112.767    0
14855.8    107.337    0
15610.1    102.168    0
16402.7    97.2476    0
17235.5    92.5633    0
18110.6    88.1043    0
19030.1    83.8598    0
19996.3    79.8196    0
21011.6    75.974    0
22078.4    72.3137    0
23199.4    68.8299    0
24377.3    65.5143    0
25615    62.359    0
26915.5    59.3565    0
28282.1    56.4996    0
29718.1    53.7815    0
31226.9    51.1959    0
32812.4    48.7368    0
34478.4    46.3985    0
36228.9    44.1757    0
38068.3    42.0636    0
40001.2    40.0575    0
42032.1    38.1533    0
44166.2    36.3473    0
46408.6    34.6361    0
48764.9    33.0168    0
51240.8    31.4871    0
53842.4    30.0452    0
56576.1    28.69    0
59448.7    27.421    0
62467    26.2387    0
65638.6    25.0876    0
