256
0    75612.5    0
0.0109169    75460.2    0
0.0223882    75292.8    0
0.0344418    75119.9    0
0.0471074    74941.5    0
0.0604161    74757.4    0
0.0744005    74567.3    0
0.089095    74370.3    0
0.104535    74165.2    0
0.12076    73950.1    0
0.137808    73722.8    0
0.155722    73481    0
0.174545    73222.6    0
0.194324    72946.7    0
0.215107    72653.1    0
0.236946    72343.2    0
0.259893    72018.6    0
0.284005    71681.6    0
0.309342    71332.9    0
0.335965    70971.8    0
0.363939    70595.7    0
0.393334    70201    0
0.424222    69785.2    0
0.456677    69350.2    0
0.490781    68900.9    0
0.526616    68437.4    0
0.56427    67953.2    0
0.603836    67449.7    0
0.645411    66940.5    0
0.689097    66430.1    0
0.735001    65899    0
0.783236    65324.1    0
0.833919    64704.3    0
0.887176    64047.4    0
0.943137    63373.1    0
1.00194    62715    0
1.06373    62070.2    0
1.12865    61411.3    0
1.19687    60735.3    0
1.26856    60062.2    0
1.34388    59418.5    0
1.42303    58756.9    0
1.5062    58043.1    0
1.59359    57313    0
1.68541    56531.4    0
1.7819    55713.6    0
1.88329    54927.9    0
1.98983    54159.2    0
2.10177    53384.9    0
2.2194    52538.4    0
2.343    51616.7    0
2.47288    50690.4    0
2.60935    49772.2    0
2.75275    48896.6    0
2.90343    47866    0
3.06176    46688    0
3.22813    45626.8    0
3.40294    44618.4    0
3.58663    43567.9    0
3.77965    42497.2    0
3.98247    41419.7    0
4.19559    40208.6    0
4.41952    38936    0
4.65483    37814.7    0
4.90208    36688.4    0
5.16189    35488.6    0
5.43488    34309.5    0
5.72174    33177.3    0
6.02316    31991.3    0
6.33989    30861.4    0
6.6727    29809.3    0
7.0224    28707.7    0
7.38986    27574.2    0
7.77598    26369.8    0
8.1817    25264.4    0
8.60802    24237.2    0
9.05598    23086.9    0
9.52669    22013.3    0
10.0213    21115.4    0
10.541    20110.3    0
11.0871    19127    0
11.661    18209.4    0
12.2639    17348    0
12.8975    16512.9    0
13.5633    15697.3    0
14.2628    14923.1    0
14.9979    14150.1    0
15.7703    13415.2    0
16.5819    12732.4    0
17.4347    12077    0
18.3308    11439.5    0
19.2724    10848.9    0
20.2619    10301.8    0
21.3015    9780.01    0
22.394    9269.17    0
23.5419    8761.38    0
24.7481    8293.15    0
26.0155    7849.7    0
27.3473    7427.61    0
28.7467    7024.44    0
30.2171    6639.98    0
31.7622    6273.48    0
33.3858    5923.12    0
35.0918    5588.86    0
36.8844    5270.04    0
38.768    4966.11    0
40.7472    4676.32    0
42.827    4400.03    0
45.0123    4136.88    0
47.3086    3886.66    0
49.7215    3648.79    0
52.2569    3422.65    0
54.921    3207.84    0
57.7203    3003.97    0
60.6618    2810.68    0
63.7527    2627.58    0
67.0005    2454.31    0
70.4132    2290.5    0
73.9991    2135.79    0
77.7671    1989.84    0
81.7264    1852.3    0
85.8868    1722.83    0
90.2584    1601.1    0
94.8519    1486.75    0
99.6787    1379.46    0
104.75    1278.89    0
110.08    1184.72    0
115.68    1096.64    0
121.564    1014.35    0
127.747    937.533    0
134.244    865.903    0
141.071    799.12    0
148.244    736.348    0
155.782    670.447    0
163.702    506.384    0
172.024    0    0
180.769    0    0
189.958    0    0
199.614    0    0
209.759    0    0
220.42    0    0
231.622    0    0
243.393    0    0
255.762    0    0
268.758    0    0
282.415    0    0
296.765    0    0
311.843    0    0
327.687    0    0
344.335    0    0
361.829    0    0
380.21    0    0
399.525    0    0
419.821    0    0
441.147    0    0
463.556    0    0
487.103    0    0
511.845    0    0
537.843    0    0
565.162    0    0
593.867    0    0
624.03    0    0
655.724    0    0
689.028    0    0
724.022    0    0
760.793    0    0
799.431    0    0
840.031    0    0
882.692    0    0
927.519    0    0
974.622    0    0
1024.12    0    0
1076.12    0    0
1130.77    0    0
1188.2    0    0
1248.53    0    0
1311.94    0    0
1378.56    0    0
1448.56    0    0
1522.12    0    0
1599.41    0    0
1680.63    0    0
1765.97    0    0
1855.64    0    0
1949.86    0    0
2048.87    0    0
2152.91    0    0
2262.23    0    0
2377.1    0    0
2497.8    0    0
2624.63    0    0
2757.9    0    0
2897.93    0    0
3045.08    0    0
3199.7    0    0
3362.16    0    0
3532.88    0    0
3712.26    0    0
3900.75    0    0
4098.81    0    0
4306.93    0    0
4525.61    0    0
4755.4    0    0
4996.85    0    0
5250.56    0    0
5517.16    0    0
5797.29    0    0
6091.64    0    0
6400.93    0    0
6725.93    0    0
7067.44    0    0
7426.28    0    0
7803.33    0    0
8199.54    0    0
8615.86    0    0
9053.31    0    0
9512.98    0    0
9995.99    0    0
10503.5    0    0
11036.8    0    0
11597.2    0    0
12186    0    0
12804.7    0    0
13454.9    0    0
14138    0    0
14855.8    0    0
15610.1    0    0
16402.7    0    0
17235.5    0    0
18110.6    0    0
19030.1    0    0
19996.3    0    0
21011.6    0    0
22078.4    0    0
23199.4    0    0
24377.3    0    0
25615    0    0
26915.5    0    0
28282.1    0    0
29718.1    0    0
31226.9    0    0
32812.4    0    0
34478.4    0    0
36228.9    0    0
38068.3    0    0
40001.2    0    0
42032.1    0    0
44166.2    0    0
46408.6    0    0
48764.9    0    0
51240.8    0    0
53842.4    0    0
56576.1    0    0
59448.7    0    0
62467    0    0
65638.6    0    0
